	A	D	S	
r1	  0.091126348366	  1.232590789939	  0.001562853952	
r2	  0.091309122635	  1.238272069402	  0.001782342430	
r3	  0.089723707671	  1.224431536851	  0.002126013497	
r4	  0.089223695766	  1.235814453086	  0.001922882718	
r5	  0.090624954201	  1.216811258130	 -0.000156937660	
r6	  0.092139650667	  1.233146018715	  0.001932613834	
r7	  0.091788556611	  1.235025355405	  0.002350668898	
r8	  0.088459594943	  1.228591535065	  0.001666270785	
r9	  0.088511810437	  1.237319246291	  0.000190597132	
r10	  0.093339310444	  1.235068953280	  0.000940615569	
r11	  0.090502211752	  1.227272091510	 -0.000201135541	
r12	  0.087489439793	  1.218761604950	 -0.000621968537	
r13	  0.090186468615	  1.223988765641	  0.001754339174	
r14	  0.092961838011	  1.236505260919	  0.001742880343	
r15	  0.090582761954	  1.222967845543	  0.001522732615	
r16	  0.089005859586	  1.240635680708	  0.003221059775	
r17	  0.090338686138	  1.232617035975	  0.001434037379	
r18	  0.096967461282	  1.223725649936	  0.000103873259	
r19	  0.086954165193	  1.212891267558	  0.001273931162	
r20	  0.088396328198	  1.221848993406	  0.001963447947	
r21	  0.089160986522	  1.226899867625	  0.001707091402	
r22	  0.090379921864	  1.241584750323	  0.002853785461	
r23	  0.087882423934	  1.231101295018	  0.000123812784	
r24	  0.089445334176	  1.233655875925	  0.001679176093	
r25	  0.089015434722	  1.232216207682	  0.000557164417	
r26	  0.094754823693	  1.228574607235	  0.001803346344	
r27	  0.090790245390	  1.223651436756	  0.002563075924	
r28	  0.090697342720	  1.217511119912	  0.000642527370	
r29	  0.091261729421	  1.234139295059	  0.002451867919	
r30	  0.090389670637	  1.232624817797	  0.001066846975	
r31	  0.090422350564	  1.231494110972	  0.002264420212	
r32	  0.088307984009	  1.245428573416	  0.002414711710	
r33	  0.088365964115	  1.222718429520	  0.001973531469	
r34	  0.092747902425	  1.238884422104	  0.001040027132	
r35	  0.096291512335	  1.228293085326	  0.001498488544	
r36	  0.085947135089	  1.215156012781	  0.001193167797	
r37	  0.092909790598	  1.220852722548	  0.000754705933	
r38	  0.093392838755	  1.217072327225	  0.001071585487	
r39	  0.089882759734	  1.230342700375	  0.000258122401	
r40	  0.090997190402	  1.222987124722	  0.000132696448	
r41	  0.092703217142	  1.241975095357	  0.001739493817	
r42	  0.092888745122	  1.230043056186	  0.000726499900	
r43	  0.091860599578	  1.228435595757	  0.001527236736	
r44	  0.092837257014	  1.220502306843	  0.000679554420	
r45	  0.091475847014	  1.250100154548	  0.002249558135	
r46	  0.091266363674	  1.224933127973	 -0.000512554532	
r47	  0.090648465556	  1.216063688347	  0.000115469331	
r48	  0.092180481563	  1.229185849556	  0.000359333926	
r49	  0.090492117856	  1.220994964716	  0.000475989050	
r50	  0.090794287857	  1.213574579145	  0.000427809310	
r51	  0.093172439544	  1.220410186290	  0.001664972164	
r52	  0.092270798445	  1.226757377633	  0.001374877483	
r53	  0.090324026370	  1.226676739699	  0.000181893145	
r54	  0.089288251912	  1.226729416027	 -0.000311261412	
r55	  0.089046952915	  1.243499718684	  0.001617085167	
r56	  0.090254783919	  1.235666965075	  0.001347353720	
r57	  0.097468303628	  1.210536764672	  0.000379642368	
r58	  0.094788833998	  1.223168749676	  0.000615082412	
r59	  0.090515810860	  1.231631874504	  0.001609881471	
r60	  0.089352038919	  1.227750732108	  0.000836853023	
r61	  0.090336423327	  1.232307997798	  0.001868780199	
r62	  0.093522247659	  1.245339714057	  0.002192129163	
r63	  0.094167459802	  1.233419824128	  0.000360063505	
r64	  0.092249766275	  1.211281689435	 -0.000025103750	
r65	  0.089924509225	  1.229018432149	  0.000709514722	
r66	  0.087331608373	  1.230003179799	  0.001593651773	
r67	  0.089553083437	  1.221756542753	  0.001262732284	
r68	  0.094222223279	  1.221031164673	  0.000431340093	
r69	  0.088291473007	  1.231382358577	  0.001475058654	
r70	  0.090816410479	  1.236977922780	  0.001470925180	
r71	  0.090373341032	  1.224983071773	  0.002675036794	
r72	  0.092977428765	  1.222196969853	  0.000608570943	
r73	  0.085212930721	  1.221451782514	  0.000301526204	
r74	  0.087578389360	  1.215191145624	  0.001250192717	
r75	  0.092442773626	  1.230716623413	 -0.000207028649	
r76	  0.092155056354	  1.245779220839	  0.000817791940	
r77	  0.089676887661	  1.233854505677	  0.001535487260	
r78	  0.089533349112	  1.222878886391	  0.001217420892	
r79	  0.092360439983	  1.233178884464	  0.001974411027	
r80	  0.089695978816	  1.212203545303	  0.000741880848	
r81	  0.095408169255	  1.223053753721	  0.000276836575	
r82	  0.091997873188	  1.212651131940	  0.000380614117	
r83	  0.090081051358	  1.233245017229	  0.001673117129	
r84	  0.092871476928	  1.227760193690	  0.001538457398	
r85	  0.093094332642	  1.241612742888	  0.003163541618	
r86	  0.092963595473	  1.220485476838	  0.000738719207	
r87	  0.089624396930	  1.220342915758	  0.001872880480	
r88	  0.092836962642	  1.232710304189	  0.000978726396	
r89	  0.093803892654	  1.213543408896	  0.000252844935	
r90	  0.091000442604	  1.228164757695	  0.000908148791	
r91	  0.091999575345	  1.223505454043	 -0.000399999366	
r92	  0.090366048095	  1.231401248317	  0.000799856181	
r93	  0.085018753631	  1.232602280413	  0.001641970863	
r94	  0.093128914799	  1.229479025127	  0.001906268788	
r95	  0.093980477915	  1.228482151902	  0.000806298113	
r96	  0.092414661843	  1.227418737189	  0.001725203043	
r97	  0.091745478955	  1.216270273158	  0.001015958629	
r98	  0.090087051726	  1.224790638933	  0.001920304655	
r99	  0.094287314714	  1.245122649000	  0.001992477707	
r100	  0.093392313787	  1.230461991005	  0.000155081038	
